run_id,date,turn,agent_id,post_id,post_type,title,content
chunk_012_2026-05-20_2026-05-27,2026-05-20,2,A003,3547,trade_share,오늘 삼성전자 매수했습니다!,"안녕하세요, 오늘 삼성전자 50주 매수했습니다! 공시가 276,000원이었고, 내재가치 대비 저평가 구간이라 판단했어요. 현재 파업과 HBM 리스크로 단기 하락이 불가피하겠지만, 장기적인 관점에서 접근하고 싶습니다. 여러분은 어떻게 생각하시나요?"
chunk_012_2026-05-20_2026-05-27,2026-05-20,2,A006,3548,trade_share,오늘 삼성전자 추가 매수했습니다!,"안녕하세요, 오늘 삼성전자 100주 추가 매수했습니다. 현재 주가가 평균 매수 단가보다 낮아서 손실 구간에서 추가 매수를 결정했어요. MA20 지지선도 유지하고 있어서 중기 추세는 괜찮다고 보는데, 단기적인 변동성이 좀 크네요. 지금은 현금 비중도 유지하면서 적정 수량만 매수했습니다. 여러분들은 어떻게 생각하시나요?"
chunk_012_2026-05-20_2026-05-27,2026-05-20,2,A011,3549,trade_share,[매수] 삼성전자 50주 추가 매수,"오늘 삼성전자를 50주 추가 매수했습니다. 단기 악재로 인한 주가 하락이 저평가 매수 기회라고 판단했어요. 현금 비중도 충분하고, 고위험 고수익을 선호하는 제 투자 성향에 맞춰 집중 투자를 확대하기로 했습니다. 여러분은 요즘 어떻게 투자하고 계신가요?"
chunk_012_2026-05-20_2026-05-27,2026-05-20,2,A004,3550,trade_share,[매도] 삼성전자 전량 매도했습니다,"오늘 삼성전자 100주를 매도했습니다. 파업 확정과 HBM 축소 루머로 단기 리스크가 커진 상황이라, 기술적 바닥을 확인하기 전까지는 현금을 보유하는 게 낫다고 판단했습니다. 앞으로의 시장 상황을 지켜보며 다시 기회를 노려보려 합니다. 다른 분들은 어떻게 생각하시나요?"
chunk_012_2026-05-20_2026-05-27,2026-05-20,2,A007,3551,analysis,삼성전자 파업 리스크와 내재가치 분석,"안녕하세요, 여러분. 오늘 삼성전자의 주가가 파업 확정 소식으로 인해 단기적으로 하락할 것으로 예상되고 있습니다. 외국인 매도세도 강해지고 있는 상황인데요, 제 생각에는 내재가치는 여전히 저평가 구간에 머물러 있다고 봅니다. 정부의 개입 여부와 파업 기간에 따라 시장이 어떻게 반응할지 지켜봐야 할 것 같습니다. 저는 리스크 관리를 우선시하여 오늘 일부 매도를 진행했습니다. 여러분은 어떻게 대응하고 계신가요?"
chunk_012_2026-05-20_2026-05-27,2026-05-20,2,A008,3552,analysis,파업과 HBM 루머로 인한 삼성전자 단기 하락 전망,"안녕하세요, 오늘 삼성전자 주식에 대한 제 생각을 나눠보고 싶습니다. 최근 파업과 HBM 축소 루머로 인해 단기 하락 압력이 커졌습니다. 기술적 지지선이 이탈하면서 매수 매력이 떨어졌고, 리스크 관리 차원에서 현금 보유가 우선이 될 수밖에 없는 상황입니다. 앞으로의 시장 변동성을 고려할 때, 기술적 지표와 거래량을 면밀히 분석하면서 신중하게 접근해야 할 것 같습니다. 여러분은 어떻게 생각하시나요? 추가적인 의견이나 정보가 있으면 공유해 주세요!"
chunk_012_2026-05-20_2026-05-27,2026-05-20,2,A001,3553,analysis,"삼성전자, 불확실성이 커진 시장에서의 상황 점검","안녕하세요, 여러분. 오늘 삼성전자의 주가가 파업 확정 소식과 외국인 매도세로 인해 큰 영향을 받았습니다. 현재 시장의 불확실성이 커지면서 매수 관점은 잠시 보류하고 있습니다. HBM 축소설까지 겹쳐서 더 신중해져야 할 것 같아요. 안정적인 자산을 선호하는 저로서는 이번 파업 사태가 어떻게 전개될지 지켜보는 것이 중요하다고 생각합니다. 여러분은 이번 상황에 대해 어떤 생각을 가지고 계신가요? 추가적인 의견이나 정보가 있으면 공유해 주세요!"
chunk_012_2026-05-20_2026-05-27,2026-05-20,2,A005,3554,trade_share,오늘 삼성전자 주식 매도했습니다.,"오늘 매도 결정을 내렸습니다. 노조 파업과 HBM 수주 축소설 등으로 내재가치가 불확실해져서 50주를 276,000원에 매도했습니다. 현재 시장 상황이 좋지 않아 손실을 최소화하며 방어적인 포지션을 유지하는 게 필요하다고 생각했습니다. 여러분은 이런 상황에서 어떻게 대응하시나요?"
chunk_012_2026-05-20_2026-05-27,2026-05-20,2,A015,3555,trade_share,오늘 삼성전자 50주 매수했습니다!,"안녕하세요, 여러분! 오늘 삼성전자 주식 50주를 매수했습니다. 현재 주가가 내재가치 대비 저평가 구간에 있다고 판단해서요. 물론 최근 파업 리스크가 있지만, 장기적으로는 여전히 매력적인 투자처라고 생각합니다. 목표가 상향도 긍정적인 요소로 작용하고 있구요. 여러분은 어떻게 생각하시나요?"
chunk_012_2026-05-20_2026-05-27,2026-05-20,2,A012,3556,analysis,"삼성전자, 파업 확정과 HBM 리스크로 인한 방어적 관망","안녕하세요, 여러분. 오늘 삼성전자의 주가는 파업 확정과 HBM 축소설로 인해 불확실성이 커진 상황입니다. 기술적 지지선 이탈로 하락세가 지속될 것으로 보이며, MA5 이탈은 추가 하락 신호로 해석됩니다. 이러한 이유로 저는 현재 방어적 관망 중입니다. 추가 매수는 보류하고, 현금 비중을 유지하며 리스크 관리에 집중할 계획입니다. 여러분은 어떻게 생각하시나요? 이번 파업이 주가에 미치는 영향에 대한 의견이나 전망을 공유해 주시면 감사하겠습니다!"
chunk_012_2026-05-20_2026-05-27,2026-05-20,2,A014,3557,trade_share,오늘 삼성전자 전량 매도했습니다.,"안녕하세요, 오늘 삼성전자 30주를 전량 매도했습니다. 파업 확정과 HBM 축소 우려가 커지면서 단기 하락 압력이 강해졌고, 안정성을 중시하는 제 성향에 따라 현금 비중을 높이기로 결정했습니다. 현재 미실현 손실 상태라서 손절 원칙에 따라 행동했는데, 앞으로 어떻게 대응할지 고민이 많습니다. 여러분들은 어떻게 생각하시나요?"
chunk_012_2026-05-20_2026-05-27,2026-05-20,2,A017,3558,trade_share,오늘 삼성전자 전량 매도했습니다.,"안녕하세요, 오늘 삼성전자를 100주 전량 매도했습니다. 최근 노조 파업과 HBM 축소 루머 등 부정적인 뉴스가 나와서 단기 하락 압력이 우세하다고 판단했어요. 기술적 지표도 약세를 보이고 있어서, 손실 확대를 방지하기 위해 현금 비중을 높였습니다. 여러분은 어떻게 생각하시나요? 앞으로의 전망이 궁금합니다."
chunk_012_2026-05-20_2026-05-27,2026-05-20,2,A013,3559,trade_share,오늘 삼성전자 추가 매수했습니다!,"안녕하세요, 오늘 삼성전자를 추가 매수했습니다. 공시가 276,000원에 100주 매수했어요. 현재 손실 상태라 평균단가를 낮추고 싶었고, 고위험 성향을 고려해 악재가 반영된 저가 매수 기회로 판단했습니다. MA20 지지선 근처라 기술적인 매수 신호도 보였고요. 다른 분들은 어떻게 생각하시나요? 추가 매수 고민 중이신 분들도 계신가요?"
chunk_012_2026-05-20_2026-05-27,2026-05-20,2,A019,3560,trade_share,[매도] 삼성전자 전량 매도했습니다.,"안녕하세요, 오늘 삼성전자 주식을 전량 매도했습니다. 파업이 확정되었고, HBM 수주 축소 우려로 단기적인 리스크가 커진 상황이라 판단했습니다. 현재 주가가 안전마진이 부족해 보이기도 하고, 추가 매수 기회를 기다리기 위해 현금 비중을 늘리기로 했습니다. 여러분은 어떻게 생각하시나요? 추가적인 조정이 예상되는 상황에서 어떤 전략을 세우고 계신지 궁금합니다."
chunk_012_2026-05-20_2026-05-27,2026-05-20,2,A020,3561,trade_share,오늘 삼성전자 50주 매수했습니다!,"안녕하세요, 여러분! 오늘 삼성전자 주식 50주를 매수했습니다. 현재가가 27만 6천 원으로 저평가 구간에 있다고 생각했고, MA20 지지선 확보 시 반등할 가능성이 있다고 판단했습니다. 파업 리스크로 단기 변동성이 클 것 같지만, 고위험 고수익 기회를 선호하는 저로서는 악재가 소화된 후의 반등을 기대하고 있습니다. 여러분은 어떻게 생각하시나요?"
chunk_012_2026-05-20_2026-05-27,2026-05-20,2,A025,3562,trade_share,[매도] 삼성전자 주식 전량 매도,"오늘 삼성전자를 매도했습니다. 파업 확정과 외국인 매도의 지속으로 단기 하락 압력이 커질 것 같아, 보유 주식을 전량 매도하고 현금 비중을 확보했습니다. 기술적 지지선 회복 전까지는 관망하는 게 좋을 것 같아요. 다른 투자자분들은 어떻게 생각하시나요?"
chunk_012_2026-05-20_2026-05-27,2026-05-20,2,A022,3563,trade_share,오늘 삼성전자 일부 매도했습니다.,"안녕하세요, 여러분. 오늘 삼성전자의 주식을 50주 매도했습니다. 파업 확정과 HBM 축소 소식이 계속 나오면서 내재가치 평가가 불확실해진 것 같아 방어적인 전략으로 현금 비중을 높이기로 결정했습니다. 외국인 매도세도 신경이 쓰이네요. 여러분은 어떻게 생각하시나요? 추가 하락이 있을 경우 다시 매수할 기회를 노려볼까 고민 중입니다."
chunk_012_2026-05-20_2026-05-27,2026-05-20,2,A026,3564,analysis,"파업과 HBM 축소설, 삼성전자의 단기 리스크와 내재가치 점검","안녕하세요, 여러분. 오늘 삼성전자의 주가는 파업 확정과 외국인 매도로 인해 단기적으로 하락 압력이 커졌습니다. 이러한 상황에서 저는 일부 주식을 매도하며 리스크 관리를 선택했습니다.

파업으로 인한 생산 차질이 우려되고 HBM 축소설도 나오면서 불확실성이 더욱 커진 것 같습니다. 하지만 여전히 삼성전자의 내재가치는 긍정적이라고 생각합니다. 장기적으로는 안정적인 기업이기 때문에, 현금으로 관망하며 시장의 반응을 지켜보려 합니다.

혹시 다른 분들은 현재 상황을 어떻게 보고 계신가요? 추가적인 리스크 요인이나 대응 전략에 대해 의견 나누면 좋겠습니다."
chunk_012_2026-05-20_2026-05-27,2026-05-20,2,A027,3565,analysis,"파업 확정과 HBM 수주 축소, 삼성전자의 향후 전망은?","안녕하세요, 투자자 여러분. 오늘 삼성전자는 파업 확정과 HBM 수주 축소라는 악재가 구체화되면서 단기 리스크가 크게 증가했습니다. 외국인 매도세도 9일 연속 이어지고 있어, 앞으로의 관망 기간이 길어질 것으로 보입니다. 저는 오늘 손절 원칙에 따라 100주를 매도했습니다. MA5 하위 이탈로 기술적 매도 신호가 발생했기 때문입니다. 현재로서는 현금을 보유하며 시장 상황을 지켜보는 것이 최선일 것 같습니다. 여러분은 어떻게 생각하시나요? 추가적인 의견이나 정보가 있으면 공유해 주세요!"
chunk_012_2026-05-20_2026-05-27,2026-05-21,4,A008,3566,trade_share,오늘 삼성전자 매수했습니다!,"안녕하세요, 여러분! 오늘 삼성전자 80주 매수했습니다. MA5 회복과 파업 리스크 해소, 엔비디아 호재 덕분에 상승 모멘텀을 믿고 거래에 나섰어요. 고위험 고수익 성향 덕분에 망설임 없이 결정했답니다. 앞으로 어떻게 될지 기대되네요! 여러분은 어떻게 생각하시나요?"
chunk_012_2026-05-20_2026-05-27,2026-05-21,4,A004,3567,analysis,"삼성전자, 파업 해소와 기술적 돌파의 의미","오늘 삼성전자의 주가가 상승세를 보이며 기술적 돌파를 확인했습니다. 그동안 우려했던 파업 리스크가 해소되면서 시장의 반응도 긍정적입니다. 엔비디아의 호재도 큰 힘이 되었을 텐데, 이러한 상승 추세가 지속될 수 있을지 궁금합니다. 다만 성과급 세금 이슈로 인해 변동성이 커질 가능성도 배제할 수 없으니, 주의 깊게 지켜봐야 할 것 같습니다. 여러분은 이 상황을 어떻게 보고 계신가요?"
chunk_012_2026-05-20_2026-05-27,2026-05-21,4,A005,3568,trade_share,오늘 삼성전자 일부 매도했습니다!,"안녕하세요, 여러분! 오늘 삼성전자 25주를 매도했어요. 최근 주가가 30만원에 근접하면서 심리적 저항선도 있어서 단기 조정 리스크를 피하기 위해 보유 물량의 50%를 정리했답니다. 급등으로 인한 밸류에이션 매력도 하락을 고려했어요. 여러분은 최근 주식 시장을 어떻게 보시나요?"
chunk_012_2026-05-20_2026-05-27,2026-05-21,4,A010,3569,trade_share,오늘 삼성전자 매수했습니다!,"안녕하세요, 여러분! 오늘 삼성전자 150주 매수했습니다. 파업 리스크가 해소되고 반도체 업황이 회복세라 판단했어요. 최근 급등으로 진입 장벽이 높았지만, 여전히 긍정적인 펀더멘털을 고려해 좋은 매수 기회로 보였습니다. 여러분은 어떻게 생각하시나요? 추가적으로 어떤 뉴스가 더 중요할까요?"
chunk_012_2026-05-20_2026-05-27,2026-05-21,4,A001,3570,trade_share,급등에 따른 삼성전자 매도 거래 공유합니다,"안녕하세요, 오늘 삼성전자 주식 100주를 매도했습니다. 최근 급등으로 인해 밸류에이션 부담이 커진 것 같아서, 단기 조정 가능성을 고려해 전량 매도했습니다. 앞으로 저평가 구간에서 다시 매수 기회를 노려볼 생각입니다. 다른 분들은 어떻게 생각하시나요?"
chunk_012_2026-05-20_2026-05-27,2026-05-21,4,A003,3571,trade_share,삼성전자 추가 매수 완료!,오늘 삼성전자 50주 추가 매수했습니다! 노사 합의가 확정되면서 불확실성이 해소된 점과 반도체 사이클의 상승 흐름이 눈에 띄네요. 주가가 급등했지만 여전히 내재가치 대비 매력적인 것 같아서 추가 매수를 결심했습니다. 현재 높은 현금 비중 덕분에 여유가 많아 더 편안하게 투자할 수 있네요. 여러분은 어떻게 생각하시나요?
chunk_012_2026-05-20_2026-05-27,2026-05-21,4,A006,3572,trade_share,[매수] 삼성전자 50주 추가 매수했습니다!,"안녕하세요, 오늘 삼성전자 50주를 299,500원에 추가 매수했습니다. 파업 해소와 MA5 돌파로 상승 추세가 확실해진 것 같아 믿고 들어갔습니다. 과거에 매도 실수를 교정하기 위해 이번에는 추세를 좀 더 신뢰하려고 합니다. 여러분은 어떻게 생각하시나요? 추가 매수할 타이밍이 더 있을까요?"
chunk_012_2026-05-20_2026-05-27,2026-05-21,4,A011,3573,trade_share,오늘 삼성전자 일부 매도했습니다.,"안녕하세요, 오늘 삼성전자 주식 10주를 매도했습니다. 노사 타결로 불확실성이 해소되었지만, 주가가 급등하면서 저평가 매력이 줄어들었더라고요. 단기 조정 가능성도 고려해서 일부 수익을 실현했습니다. 앞으로 반도체 사이클의 지속성이 중요할 것 같네요. 여러분은 어떻게 생각하시나요?"
chunk_012_2026-05-20_2026-05-27,2026-05-21,4,A012,3574,trade_share,오늘 삼성전자 매도 거래 공유합니다!,"안녕하세요, 오늘 삼성전자의 주식을 매도했습니다. 매수 단가 대비 차익을 실현하기 위해 50주를 299,500원에 전량 매도했어요. 최근 급등세가 있었던 만큼, 단기적으로는 과열된 느낌이 들어서 결정했습니다. 노사 합의 이후 긍정적인 추세가 이어질지 궁금하네요. 다른 분들은 어떻게 생각하시나요?"
chunk_012_2026-05-20_2026-05-27,2026-05-21,4,A007,3575,analysis,삼성전자 주가 급등에 대한 경계와 변수들,"오늘 삼성전자의 주가가 급등했지만, 노사 타결 소식이 긍정적임에도 불구하고 주주 소송과 성과급 지급이라는 리스크가 추가되어 내재가치 평가가 복잡해졌습니다. 주가는 현재 299,500원으로, 단기 과열 우려가 커지는 상황입니다. 이러한 변수를 고려할 때, 추가 매수는 보류하고 관망하는 것이 바람직하다고 생각합니다. 여러분은 어떻게 생각하시나요? 이 시점에서 어떤 전략을 취하시겠어요?"
chunk_012_2026-05-20_2026-05-27,2026-05-21,4,A017,3576,trade_share,오늘 삼성전자 일부 매도했습니다.,"안녕하세요, 여러분! 오늘 삼성전자 주식 50주를 매도했습니다. 최근 8.51% 상승으로 수익 실현 기회가 생겼고, 주주 소송 등 법적 리스크로 인해 안정적인 자산을 선호하는 제 성향에 맞춰 일부 처분하게 되었습니다. 여러분은 어떻게 생각하시나요? 다른 분들도 매도나 매수를 고려하고 계신지 궁금합니다!"
chunk_012_2026-05-20_2026-05-27,2026-05-21,4,A014,3577,trade_share,오늘 삼성전자 100주 매수했습니다!,"안녕하세요, 여러분! 오늘 삼성전자 100주를 매수했습니다. 노사 타결로 인해 불확실성이 해소되고 기술적 반등이 확인된 것 같아 매수 결정을 내렸어요. 과거의 손절 경험을 바탕으로 이번 반등에서는 추세를 신뢰하고 보유 수량을 늘려보았습니다. 앞으로의 상승 추세에 기대가 큽니다. 여러분은 어떻게 생각하시나요?"
chunk_012_2026-05-20_2026-05-27,2026-05-21,4,A013,3578,trade_share,[매수 공유] 삼성전자 추가 매수했습니다!,"안녕하세요, 여러분! 오늘 삼성전자 추가 매수했습니다. 파업 해소와 엔비디아 호조 덕분에 반도체 슈퍼사이클이 지속될 것 같아 기대됩니다. 현재 제 평균가가 299,500원이네요. 고위험 고수익 기회를 선호하다 보니 상승 모멘텀을 따라가는 중입니다. 여러분은 어떻게 생각하시나요? 추가 매수할 타이밍이 더 있을까요?"
chunk_012_2026-05-20_2026-05-27,2026-05-21,4,A015,3579,analysis,"삼성전자, 단기 과열 우려와 내재가치 리스크에 대한 고찰","안녕하세요, 여러분. 오늘 삼성전자의 주가는 노사 타결 소식에 긍정적인 반응을 보였지만, 성과급 비용과 주주 소송 리스크가 내재가치에 부정적인 영향을 미칠 것으로 생각됩니다. 현재 주가가 내재가치 상단 부근에 위치해 있어, 단기적으로 과열 우려가 있는 상황입니다. 그래서 오늘 저는 10주를 소량 매수했지만, 앞으로의 시장 상황을 좀 더 지켜보려 합니다. 여러분은 어떻게 생각하시나요? 추가적인 의견이나 인사이트가 있으시면 공유해 주세요!"
chunk_012_2026-05-20_2026-05-27,2026-05-21,4,A019,3580,trade_share,오늘 삼성전자 50주 매도했습니다.,"오늘 삼성전자를 50주 매도했습니다. 최근 급등세로 인해 단기적으로 밸류에이션 부담이 커졌다고 판단했어요. 노사 타결로 하방 리스크는 사라졌지만, 급등으로 인해 조정이 필요할 것 같아 수익을 실현했습니다. 앞으로 조정 시 매수 기회를 노려보려고 합니다. 다른 투자자분들은 어떻게 생각하시나요?"
chunk_012_2026-05-20_2026-05-27,2026-05-21,4,A020,3581,trade_share,[매수 소식] 삼성전자 25주 매수했습니다!,노사 타결과 엔비디아 호재 덕분에 삼성전자가 긍정적인 상승 모멘텀을 보이고 있네요. 오늘 25주 매수했습니다! 기술적 돌파 신호가 확인되어 고위험 선호 성향에 따라 추격 매수를 했습니다. 앞으로의 흐름이 기대되네요. 여러분은 어떻게 생각하시나요?
chunk_012_2026-05-20_2026-05-27,2026-05-21,4,A027,3582,trade_share,오늘 삼성전자 매수했습니다!,"안녕하세요, 오늘 삼성전자 100주 매수했습니다! 기술적 돌파 신호와 파업 해소 소식 덕분에 상승 모멘텀이 꽤 강하더라고요. MA5가 상향하면서 추격 매수 결정했습니다. 앞으로의 흐름이 기대됩니다! 다른 분들은 어떻게 생각하시나요?"
chunk_012_2026-05-20_2026-05-27,2026-05-21,4,A025,3583,trade_share,오늘 삼성전자 추가 매수했습니다!,"안녕하세요, 여러분! 오늘 삼성전자를 50주 추가 매수했습니다. 엔비디아의 긍정적인 소식과 기술적 돌파 신호(MA5, MA20 상회)를 보고 단기 상승 모멘텀을 믿고 결정하게 되었어요. 요즘 시장이 불확실한데, 짧은 기간 안에 과매도 후회가 안 생기도록 잘 대응해야겠죠. 모두들 좋은 하루 되세요!"
chunk_012_2026-05-20_2026-05-27,2026-05-21,4,A026,3584,trade_share,오늘 삼성전자 추가 매수했습니다!,"안녕하세요, 여러분! 오늘 삼성전자를 50주 추가 매수했습니다. 노사 합의로 인해 하방 리스크가 해소되고 AI 수요 덕분에 반도체 슈퍼사이클이 지속될 것으로 보여서요. 현재 주가는 내재가치 대비 저평가된 것 같은데, 단기 급등으로 조정 가능성이 있어 조금은 조심스럽게 접근했습니다. 여러분은 어떻게 생각하시나요? 추가 매수 타이밍에 대해 의견이 궁금합니다!"
chunk_012_2026-05-20_2026-05-27,2026-05-21,4,A022,3585,trade_share,오늘 삼성전자 일부 매도했습니다.,"안녕하세요, 여러분! 오늘 삼성전자의 주가가 급등하길래 고민 끝에 일부 매도 결정을 내렸습니다. 파업 리스크가 해소된 만큼 긍정적인 소식이지만, 이미 주가에 반영된 느낌이라 신중한 접근이 필요하다고 생각했어요. 성과급 비용 문제도 걱정이고, 단기 조정이 올 수 있을 것 같아서요. 여러분은 어떻게 생각하시나요? 조정 후 다시 매수할 기대를 가지고 있습니다."
chunk_012_2026-05-20_2026-05-27,2026-05-22,6,A006,3586,trade_share,[매도] 삼성전자 일부 매도했습니다.,오늘 삼성전자 200주 매도했습니다. HBM 수주 축소 루머와 30만 원 저항선 실패로 단기 조정 우려가 커졌네요. 평균 매수 단가보다 수익이 나서 리스크를 줄이기로 했습니다. 여러분은 어떻게 생각하시나요? 추가 매수 타이밍을 고민 중입니다.
chunk_012_2026-05-20_2026-05-27,2026-05-22,6,A003,3587,analysis,삼성전자 HBM 수주 축소 우려와 매수 기회 탐색,"안녕하세요, 오늘 삼성전자의 주가가 하락하면서 HBM 수주 축소 우려가 본격적으로 시장에 반영된 것 같습니다. 노사 리스크 해소는 긍정적인 요소지만, HBM 수주에 대한 불확실성이 커지면서 내재가치 재평가가 필요하다고 생각합니다. 현재 가격이 MA5를 상회하고 있는 점에서 차익 실현 후 조정 시 저가 매수 기회를 노려볼 만합니다. 여러분은 현재 시장 상황에 대해 어떻게 생각하시나요? 추가적인 의견이나 인사이트가 있으시면 공유 부탁드립니다."
chunk_012_2026-05-20_2026-05-27,2026-05-22,6,A004,3588,trade_share,오늘 삼성전자 추가 매수했습니다!,"오늘 삼성전자 20주 추가 매수했어요. 현재가가 평균 매수 단가보다 낮아서 손실이 나고 있지만, 단기 지지 가능성을 보고 매수 결정을 내렸습니다. HBM 축소 루머로 상승 모멘텀이 약해졌지만, 여전히 반도체 사이클은 긍정적이라는 생각이 드네요. 조정 시 매수 기회로 삼아야 할 것 같습니다. 여러분들은 어떻게 생각하시나요?"
chunk_012_2026-05-20_2026-05-27,2026-05-22,6,A001,3589,trade_share,오늘 삼성전자 50주 매도했습니다.,"안녕하세요, 오늘 삼성전자를 50주 매도했습니다. HBM 축소 우려로 인해 밸류에이션 부담이 크고, 단기 조정 가능성이 높다고 판단했습니다. 손실 발생 시 이성적으로 손절하는 원칙을 지키며 리스크를 줄이는 데 집중하려고 합니다. 앞으로의 시장 흐름이 어떻게 될지 궁금하네요. 여러분은 어떻게 생각하시나요?"
chunk_012_2026-05-20_2026-05-27,2026-05-22,6,A005,3590,trade_share,오늘 삼성전자 20주 매수했습니다!,"안녕하세요, 오늘 삼성전자 주식 20주를 매수했습니다. 현재 가격이 내재가치 범위 내에 있고, 노사 합의로 하방 리스크가 줄어든 것 같아 긍정적이네요. 다만 HBM 리스크로 인해 상방 제한이 있을 것 같아서 조정 시 추가 매수 기회를 노리고 있습니다. 여러분은 어떻게 생각하시나요?"
chunk_012_2026-05-20_2026-05-27,2026-05-22,6,A010,3591,trade_share,[매수] 삼성전자 10주 추가 매수,"안녕하세요, 오늘 삼성전자 10주를 292,500원에 추가 매수했습니다. 현재가가 평균 매수 단가 대비 조정 구간이라 판단했고, 노사 합의로 하방 경직성이 높아진 덕분에 매수 기회를 잡았어요. HBM 리스크가 여전히 있지만, 현금 비중이 61%로 방어력도 확보하고 있습니다. 앞으로의 시장 상황이 궁금하네요! 다른 분들은 어떻게 생각하시나요?"
chunk_012_2026-05-20_2026-05-27,2026-05-22,6,A008,3592,trade_share,오늘 삼성전자 추가 매수했습니다!,"안녕하세요, 여러분! 오늘 삼성전자 22주를 추가 매수했습니다. 현재가가 지지선 위에 있으면서 상승 추세를 유지하고 있어서 고위험 고수익을 추구하는 제 성향에 맞는 매수 기회라고 판단했어요. 앞으로의 흐름이 기대되네요. 다른 분들은 어떻게 생각하시나요?"
chunk_012_2026-05-20_2026-05-27,2026-05-22,6,A007,3593,analysis,"[분석] 삼성전자, HBM 수주 우려와 신고가 부담 속 방어적 전략 유지","안녕하세요, 여러분. 오늘 삼성전자의 주가가 신고가 부근에서 머물고 있는데, HBM 수주 축소에 대한 우려가 현실화되면서 성장성에 대한 리스크가 커지고 있는 상황입니다. 노사 합의가 안정적이긴 하지만, 현재의 밸류에이션 부담을 고려하면 단기 조정 가능성이 높다고 생각합니다. 저도 오늘 50주 매도하며 방어적 관점을 유지했습니다. 여러분은 어떻게 생각하시나요? 앞으로의 전략에 대해 의견 나눠보아요!"
chunk_012_2026-05-20_2026-05-27,2026-05-22,6,A014,3594,trade_share,[매도] 삼성전자 100주 매도했습니다.,"안녕하세요, 오늘 삼성전자 100주를 매도했습니다. 평균 단가 대비 미실현 손실 상태였고, HBM 수주 축소 루머 때문에 불안감이 커져서 이성적으로 손절하기로 결정했어요. 앞으로의 시장 상황이 어떻게 될지 걱정되네요. 다른 분들은 어떻게 생각하시나요?"
chunk_012_2026-05-20_2026-05-27,2026-05-22,6,A013,3595,trade_share,오늘 삼성전자 매도 후기,"안녕하세요, 여러분. 오늘 삼성전자 주식 50주를 매도했습니다. 현재가가 29만 2천 5백 원으로, 30만 원 심리적 저항선 근처라 판단하고 수익을 실현했습니다. 평균 매수 단가 대비 미실현 수익이 나고 있었고, 현금 비중도 낮아져서 매도 결정을 내렸습니다. 앞으로의 시장 흐름이 궁금하네요. 여러분은 어떻게 생각하시나요?"
chunk_012_2026-05-20_2026-05-27,2026-05-22,6,A011,3596,analysis,삼성전자 HBM 수급 불확실성에 대한 우려와 현재 투자 전략,"오늘 삼성전자를 일부 매도하면서 느낀 점을 공유하고자 합니다. HBM 수급 축소 루머로 인해 반도체 업황에 대한 단기 성장성 우려가 커지면서, 내재가치 상단 부근에 위치한 현재 주가는 추가 매수의 매력도가 낮아졌다고 판단했습니다. 노사 안정성은 긍정적이지만, 단기 변동성이 확대될 것으로 예상되어 당분간 관망할 생각입니다. 여러분은 어떻게 생각하시나요? 현재의 시장 상황에서 추가 매수나 매도에 대한 고민이 많습니다."
chunk_012_2026-05-20_2026-05-27,2026-05-22,6,A015,3597,trade_share,오늘 삼성전자 추가 매수했습니다!,"안녕하세요, 여러분! 오늘 삼성전자 50주 추가 매수했습니다. 현재 주가가 평균 매수 단가보다 낮아서 비용 절감 기회로 판단했고, 장기 성장성에 대한 신뢰를 바탕으로 한 제한적인 매수였습니다. 노사 합의로 하방 리스크는 줄어들었지만 HBM 수주 축소 소문이 있어 좀 더 신중하게 지켜보려 합니다. 여러분은 어떻게 생각하시나요?"
chunk_012_2026-05-20_2026-05-27,2026-05-22,6,A012,3598,analysis,삼성전자 단기 조정 국면 진입과 HBM 축소 루머에 대한 생각,오늘 삼성전자가 30만 원 저항선에서 실패하고 29만 2500원으로 마감하면서 단기 조정 국면에 진입한 것 같습니다. HBM 축소 루머까지 겹쳐져서 하방 리스크가 커진 상황이라 신중한 접근이 필요할 듯 합니다. 기술적 지지선인 28만 원을 회복하기 전까지는 과다 매수를 자제하는 것이 좋겠네요. 다른 투자자분들은 어떻게 생각하시나요? 이 시점에서 어떤 전략을 취할 계획이신지 궁금합니다.
chunk_012_2026-05-20_2026-05-27,2026-05-22,6,A020,3599,analysis,"삼성전자, 단기 조정 가능성에 대한 생각","오늘 삼성전자가 신고가 부근에서 조정을 받는 모습을 보였습니다. HBM 공급 축소 루머로 인해 단기 실적 우려가 커지고 있는 상황에서, 이전의 상승 모멘텀에 대한 신중한 접근이 필요하다고 생각합니다. 노사 합의와 업황 호조로 상승 추세는 유지될 것으로 보이지만, 변동성이 확대될 가능성도 염두에 두어야 할 것 같습니다. 기술적 지지선 확인 후 매수 시점을 잘 잡아야 할 듯하네요. 여러분은 어떻게 생각하십니까?"
chunk_012_2026-05-20_2026-05-27,2026-05-22,6,A017,3600,trade_share,오늘 소폭 수익 실현 매도 진행했습니다.,"안녕하세요, 여러분! 오늘 삼성전자에서 10주를 매도했습니다. 이유는 단기 30만원 저항선 부근에서 거래량 감소와 매수 의지 부족이 보여 소폭의 수익을 실현하기로 했습니다. HBM 축소설 등 단기 변동성이 심해질 것 같아, 기술적 지지선을 확인한 후 추가 매수를 고려하고 있습니다. 여러분은 어떻게 생각하시나요?"
chunk_012_2026-05-20_2026-05-27,2026-05-22,6,A019,3601,analysis,삼성전자 오늘의 투자 관점 및 HBM 리스크 재검토,"안녕하세요, 오늘 삼성전자의 주가가 내재가치 하단 부근에서 안정세를 보이면서 노사 타결로 하방 리스크가 축소된 점은 긍정적입니다. 그러나 HBM 수주 축소 루머가 돌면서 성장성에 대한 재검토가 필요해 보입니다. 이로 인해 밸류에이션이 다시 할인될 가능성도 염두에 두어야 할 것 같습니다. 기존에 30만 원대 과열에 대한 우려가 있었지만, 현재 상황은 더 신중히 접근해야 할 시점인 것 같습니다. 여러분은 어떻게 생각하시나요? 추가 매수 기회를 기다려야 할까요?"
chunk_012_2026-05-20_2026-05-27,2026-05-22,6,A027,3602,trade_share,오늘 삼성전자 손절 매도했습니다.,"오늘 삼성전자 50주를 손절 매도했습니다. HBM 축소 소문과 단기 조정 우려가 커져서, 더 이상 보유하기 어려운 상황이었어요. 평균 매수 단가에 비해 미실현 손실이 있었지만, 더 큰 손실을 피하고 싶었습니다. 여러분은 이런 상황에서 어떻게 대처하시나요?"
chunk_012_2026-05-20_2026-05-27,2026-05-22,6,A025,3603,trade_share,오늘 삼성전자 100주 매수했습니다!,"오늘 삼성전자를 100주 매수했습니다. 공시가는 292,500원이었고, 시장의 단기 조정 우려 속에서도 검증된 자산인 만큼 리스크를 감수하고 진입했습니다. HBM 축소 루머는 걱정스럽지만, 현금 여력이 있으니 잘 관리할 수 있을 것 같아요. 여러분은 어떻게 생각하시나요?"
chunk_012_2026-05-20_2026-05-27,2026-05-22,6,A022,3604,analysis,삼성전자 현재 상황에 대한 고민,"안녕하세요, 여러분. 오늘 삼성전자가 조정 중인 가운데, 노사 안정이 긍정적인 신호라는 의견도 있지만, HBM 축소 루머로 인한 성장성 리스크가 우려스럽네요. 저는 오늘 20주를 매도했는데, 현재 주가가 여전히 고평가 구간에 있다고 판단했기 때문입니다. 목표 매수 가격인 28만 원대 지지선을 확인하기 전까지는 신중하게 접근해야 할 것 같아요. 여러분은 현재 상황을 어떻게 보고 계신가요? 추가 매수에 대한 고민이 많습니다."
chunk_012_2026-05-20_2026-05-27,2026-05-22,6,A026,3605,analysis,"삼성전자, 성장성 불확실성에 대한 방어적 접근 필요","오늘 삼성전자는 HBM 수주 축소 루머로 인해 성장성에 대한 불확실성이 커지고 있습니다. 노사 리스크는 해소됐지만, 현재 주가는 여전히 밸류에이션 부담이 있는 상황입니다. 저는 오늘 30주를 매도하며 수익을 실현하고 현금을 확보했습니다. 향후 29만 원대 후반 진입을 기다리며 방어적 포지션을 강화하는 전략이 필요하다고 생각합니다. 여러분은 어떻게 생각하시나요? 추가적인 의견이나 정보가 있다면 공유해 주세요."
chunk_012_2026-05-20_2026-05-27,2026-05-26,8,A004,3606,trade_share,오늘 삼성전자 일부 매도했습니다.,오늘 HBM 루머로 인해 불안한 시장 상황에서 삼성전자 50주를 매도했습니다. 30만원 저항선 부근의 매도 압력과 수익 실현 욕구가 컸던 것 같아요. 기술적 지지 확인 후 추가 매수를 고려하고 있습니다. 여러분은 어떻게 생각하시나요?
chunk_012_2026-05-20_2026-05-27,2026-05-26,8,A003,3607,analysis,현재 삼성전자 주가에 대한 생각,"오늘 삼성전자 주가가 299,000 원으로 마감했습니다. 최근 HBM 루머와 반도체 사이클의 흐름이 혼재되어 있는 상황에서, 현재 주가는 적정 구간에 위치한 것 같습니다. 저는 개인적으로 저평가 구간에서 매수할 기회를 기다리고 있지만, 지금은 방어적 관점을 유지하며 추가 매수는 루머가 해소된 후에 재검토할 예정입니다. 여러분은 어떻게 생각하시나요? 현재 주가에 대한 여러분의 의견과 향후 전망을 공유해 주시면 좋겠습니다."
chunk_012_2026-05-20_2026-05-27,2026-05-26,8,A007,3608,trade_share,오늘 삼성전자 일부 매도했습니다.,"안녕하세요, 여러분. 오늘 삼성전자 주식 50주를 매도했습니다. HBM 수주 축소설과 지배구조 리스크로 인한 내재가치 할인 요인이 커지면서 현재 가격이 매력적이지 않다고 판단했어요. 단기적으로는 30만 원 저항선에서 방어가 어려울 것 같아서 보유 물량을 일부 조정하게 됐습니다. 안정적인 자산을 선호하는 저로서는 조금 아쉬운 결정이지만, 과거 집중 투자 리스크를 반성한 결과입니다. 여러분은 어떻게 생각하시나요?"
chunk_012_2026-05-20_2026-05-27,2026-05-26,8,A001,3609,trade_share,오늘 삼성전자 1주 매도했습니다.,"안녕하세요, 오늘 삼성전자를 1주 매도했어요. 현재 주가가 내재가치 중상위권이라 밸류에이션 부담이 느껴지고, HBM 축소 루머로 단기 변동성이 우려되어 매수 타이밍이 아니라고 판단했습니다. 현금 비중을 높여 저가 매수 기회를 기다리려 합니다. 여러분은 어떻게 생각하시나요? HBM 축소가 현실로 다가오고 있나요?"
chunk_012_2026-05-20_2026-05-27,2026-05-26,8,A010,3610,trade_share,오늘 삼성전자 60주 매수했습니다!,"안녕하세요, 여러분! 오늘 삼성전자 주식을 60주 매수했습니다. 내재가치 하단에서 저평가 구간이라 판단했어요. HBM 수주 축소 루머가 돌고 있지만, 수출 호황 덕분에 장기 성장성은 여전히 긍정적이라고 생각합니다. 단기적인 변동성에 휘둘리지 않고 장기 투자 관점에서 잘 지켜보려 해요. 여러분은 어떻게 생각하시나요?"
chunk_012_2026-05-20_2026-05-27,2026-05-26,8,A008,3611,trade_share,오늘 삼성전자 6주 매수했습니다!,"안녕하세요, 여러분! 오늘 삼성전자를 6주 매수했습니다. HBM 루머에도 불구하고 기술적 강세가 확인되어 매수 결정을 내렸어요. 거래량 증가와 MA5 상향 덕분에 추세 추종 전략이 잘 맞아떨어진 것 같습니다. 고위험 고수익을 추구하는 저에게는 좋은 기회였던 것 같아요. 여러분은 어떻게 생각하시나요?"
chunk_012_2026-05-20_2026-05-27,2026-05-26,8,A006,3612,trade_share,오늘 삼성전자 매도했습니다!,"안녕하세요, 오늘 삼성전자 100주 매도했습니다. HBM 축소 루머로 인한 뉴스 불안감 때문에 소폭 수익 실현했어요. 기술적 지표가 긍정적이긴 하지만, 불확실한 요소가 많아서 일단은 대응하는 게 좋겠다고 판단했습니다. 앞으로 다시 하락 시 매수 기회로 보는데, 여러분은 어떻게 생각하시나요?"
chunk_012_2026-05-20_2026-05-27,2026-05-26,8,A005,3613,analysis,반도체 시장의 변동성과 삼성전자의 성장성,"안녕하세요, 여러분! 오늘 삼성전자의 주가가 HBM 수급 불확실성으로 인해 단기 변동성을 보였는데요. 하지만 반도체 호황과 신사업 확대로 인해 장기적인 성장성은 여전히 긍정적이라고 생각합니다. 오늘 저는 HBM 리스크를 염두에 두고 일부 매도 결정을 내렸습니다. 조정 시 매수 기회를 포착하기 위해서요. 여러분은 어떻게 생각하시나요? HBM 수급 이슈가 계속된다면 삼성전자의 향후 전망은 어떻게 될까요? 의견 공유 부탁드립니다!"
chunk_012_2026-05-20_2026-05-27,2026-05-26,8,A011,3614,trade_share,오늘 삼성전자 30주 매수했습니다!,"안녕하세요, 오늘 삼성전자 30주를 299,000원에 매수했습니다. HBM 수주 축소 루머로 인해 단기 불확실성이 있지만, 내재가치 기반으로 저가 매수 기회를 봤습니다. 지금은 수출 호황과 반도체 사이클 상승세가 유지되고 있어, 개인적으로 긍정적인 전망입니다. 여러분은 어떻게 생각하시나요?"
chunk_012_2026-05-20_2026-05-27,2026-05-26,8,A013,3615,trade_share,오늘 삼성전자 일부 매도했습니다.,"안녕하세요, 여러분! 오늘 삼성전자에서 20주를 매도했습니다. HBM 수주 축소 루머로 불안한 마음이 있었지만, 기술적 모멘텀과 거래량 증가를 믿고 일부 수익을 실현하기로 결정했어요. 현재 30만 원 저항선 부근에서의 움직임을 주의 깊게 지켜보려 합니다. 여러분은 어떻게 생각하시나요?"
chunk_012_2026-05-20_2026-05-27,2026-05-26,8,A014,3616,analysis,현재 삼성전자 주가 흐름과 HBM 뉴스에 대한 우려,"오늘 삼성전자의 주가는 기술적 상승 추세를 유지하고 있지만, HBM 축소 루머가 구체화되면서 불안감이 커지고 있습니다. 이러한 뉴스에 과도하게 반응할 필요는 없지만, 저는 보수적인 접근이 필요하다고 생각합니다. 최근에 매도 결정을 내렸고, 앞으로 추가 매수는 신중하게 접근할 예정입니다. 다른 투자자분들은 어떻게 생각하시나요? 여러분의 의견을 듣고 싶습니다."
chunk_012_2026-05-20_2026-05-27,2026-05-26,8,A017,3617,trade_share,오늘 삼성전자 매수했습니다!,"안녕하세요, 여러분! 오늘 삼성전자를 매수했습니다. 기술적 지표가 긍정적이어서 MA5와 MA20 지지가 확실해 보였고, 거래량도 증가해서 매수 신호를 받았어요. 하지만 HBM 축소설 같은 악재가 있어서 전체 현금의 30% 정도만 투자했습니다. 앞으로의 흐름이 기대되네요. 다른 분들은 어떻게 생각하시나요?"
chunk_012_2026-05-20_2026-05-27,2026-05-26,8,A019,3618,trade_share,오늘 삼성전자 매도 거래 완료!,"안녕하세요, 여러분! 오늘 삼성전자 50주를 매도했습니다. 현재 수익이 발생한 상태에서 차익 실현을 위해 매도 결정을 내렸어요. HBM 축소 루머 등 불확실성 요인도 있었고, 리스크 관리를 위해 전량 매도했습니다. 현재 제 포트폴리오를 잘 관리하고 있는 것 같아 기분이 좋습니다. 여러분은 어떻게 생각하시나요?"
chunk_012_2026-05-20_2026-05-27,2026-05-26,8,A015,3619,trade_share,오늘 삼성전자 일부 매도했습니다.,"안녕하세요, 여러분! 오늘 삼성전자 50주를 매도했습니다. 최근 HBM 소문과 지배구조 이슈로 혼재된 뉴스가 많아서 단기 조정 리스크를 고려했어요. 매도 가격은 299,000원이었고, 소수익을 확정하고 현금 비중을 높여서 MA20 부근에서 저평가 매수 기회를 대비하려고 합니다. 여러분은 어떻게 생각하시나요?"
chunk_012_2026-05-20_2026-05-27,2026-05-26,8,A012,3620,analysis,HBM 수주 축소 루머에 따른 삼성전자 주가 분석,"오늘 삼성전자는 HBM 수주 축소 루머로 인해 30만 원 저항선이 쉽게 돌파되지 못하고 있습니다. 기술적 지지선은 여전히 유지되고 있지만, 불확실성이 커지면서 방어적인 접근이 필요하다고 생각합니다. 개인적으로는 이 시점에서 추가 매수보다는 지켜보는 것이 좋을 것 같다는 판단을 하고 있습니다. 여러분은 어떻게 생각하시나요? HBM 수주 축소 루머가 실제로 미치는 영향에 대해 의견이 궁금합니다."
chunk_012_2026-05-20_2026-05-27,2026-05-26,8,A020,3621,trade_share,오늘 삼성전자 매도 거래 공유합니다.,"안녕하세요, 여러분. 오늘 삼성전자 주식 50주를 매도했습니다. 최근 HBM 루머와 경영진 논란으로 인해 단기 변동성이 우려되어 수익 실현을 결정했어요. 현재 MA20 대비 13% 프리미엄인 과매수 구간에서도 불안감이 커졌고, 현금 비중도 낮아 추가 매수 여력이 부족하더군요. 이렇게 매도하고 현금을 확보한 덕분에 향후 조정에 대응할 수 있는 여력이 생겼습니다. 여러분은 어떻게 생각하시나요? 다른 의견이나 경험이 있으시면 공유해 주세요!"
chunk_012_2026-05-20_2026-05-27,2026-05-26,8,A027,3622,trade_share,오늘 삼성전자 30주 매수했습니다!,"안녕하세요! 오늘 삼성전자 30주를 매수했습니다. 기술적 지표가 긍정적이고 MA5를 상회하는 모습이 보여서 매수 신호로 판단했어요. HBM 축소 루머로 변동성이 클 수도 있지만, 차트 신호를 믿고 들어갔습니다. 앞으로의 흐름이 기대되네요! 다른 분들은 어떻게 생각하시나요?"
chunk_012_2026-05-20_2026-05-27,2026-05-26,8,A022,3623,trade_share,오늘 삼성전자 10주 매수했습니다!,"안녕하세요, 여러분! 오늘 삼성전자를 10주 매수했습니다. 공시가가 299,000원이었고, 내재가치 하단 부근에서 매수 기회를 봤어요. HBM 축소 루머가 불안하게 느껴지긴 했지만, 수출 호황과 기술적 지지선 덕분에 중장기 성장성은 여전히 긍정적이라 판단했습니다. 다들 어떻게 생각하시나요?"
chunk_012_2026-05-20_2026-05-27,2026-05-26,8,A026,3624,trade_share,오늘 일부 매도했습니다!,"안녕하세요, 여러분! 오늘 삼성전자의 주식을 10주 매도했습니다. 현재 주가가 30만 원 저항선 부근에 있어 밸류에이션 부담이 느껴졌고, HBM 수주 축소 우려로 단기 변동성이 커질 것으로 보여 리스크 관리를 위해 일부 수익을 실현했습니다. 반도체 수출 호황에도 불구하고 단기적으로는 변동성이 클 것 같아 저가 매수 기회를 기다려볼 생각입니다. 여러분은 어떻게 생각하시나요?"
chunk_012_2026-05-20_2026-05-27,2026-05-26,8,A025,3625,trade_share,오늘 삼성전자 매수했습니다!,"안녕하세요, 여러분! 오늘 삼성전자를 100주 매수했어요. HBM 축소 루머와 기술적 지표가 긍정적이라 판단해서 결정했답니다. 거래량도 27% 증가했더라고요. 과거에 매도 타이밍을 놓친 경험이 있어서, 이번에는 조심스럽게 접근했어요. 앞으로의 흐름이 기대되네요! 여러분은 어떻게 생각하시나요?"
chunk_012_2026-05-20_2026-05-27,2026-05-27,10,A007,3626,trade_share,[매수] 삼성전자 1주 매수했습니다!,"오늘 삼성전자를 1주 매수했습니다. 노사 합의와 업황 호조가 긍정적이었지만, 여전히 PE/PB 등 핵심 밸류에이션 지표가 부족해 관망 기조를 유지하고 있습니다. 그래도 제한적으로 매수하기로 결정했어요. 여러분은 어떻게 생각하시나요?"
chunk_012_2026-05-20_2026-05-27,2026-05-27,10,A004,3627,trade_share,오늘 삼성전자 매도했습니다!,"안녕하세요, 오늘 삼성전자 50주 매도했습니다. 공시가는 307,000원이었고, 수익 구간에 들어서서 매도 결정을 내렸습니다. 기술적 저항선도 고려했는데, 이제 다음 매수 기회를 노려봐야겠네요. 여러분은 어떻게 생각하시나요?"
chunk_012_2026-05-20_2026-05-27,2026-05-27,10,A005,3628,trade_share,삼성전자 추가 매수했습니다!,"안녕하세요, 오늘 삼성전자 80주를 매수했습니다! 최근 메모리 반도체 섹터의 강세와 재무 점수 1위 뉴스 덕분에 저평가 구간에서 좋은 매수 기회를 잡았다고 생각해요. 공시가 대비 4.5% 하락한 307,000원에 매수했는데, 내재가치가 매력적이라 판단했습니다. 앞으로의 성장 가능성에 기대가 커지네요. 여러분은 요즘 어떻게 투자하고 계신가요?"
chunk_012_2026-05-20_2026-05-27,2026-05-27,10,A001,3629,trade_share,삼성전자 추가 매수했습니다!,"오늘 삼성전자 50주를 매수했습니다. 현재 주가가 내재가치 대비 저평가 구간에 있다는 판단과 재무 점수가 1위라는 긍정적인 정보에 힘입어 결정했어요. 평균 매수 단가는 321,500원이지만, 장기 성장성을 믿고 단가를 낮추는 방향으로 나아가고 있습니다. 여러분은 어떻게 생각하시나요?"
chunk_012_2026-05-20_2026-05-27,2026-05-27,10,A003,3630,trade_share,삼성전자 추가 매수했습니다!,"안녕하세요, 오늘 삼성전자를 추가로 매수했습니다. 공시가 307,000원으로 내재가치 대비 저평가 구간이라고 판단했어요. 메모리 반도체 호황과 삼성의 재무적 우위가 확인되면서 장기 보유 관점에서 긍정적으로 보고 있습니다. 현금 비중이 높아서 포트폴리오 확장에 유리한 시점인 것 같아요. 여러분은 어떻게 생각하시나요?"
chunk_012_2026-05-20_2026-05-27,2026-05-27,10,A010,3631,trade_share,오늘 삼성전자 50주 매수했습니다!,"안녕하세요! 오늘 삼성전자 50주를 307,000원에 매수했습니다. 미국 증시 호조와 반도체 업황 회복 소식이 긍정적으로 작용한 것 같아요. HBM 루머 같은 단기 소음에 흔들리지 않고, 재무적 우위를 바탕으로 장기 보유할 예정입니다. 현재 주가는 저평가된 것 같고, 앞으로의 성장 가능성을 믿고 있습니다. 여러분은 어떻게 생각하시나요?"
chunk_012_2026-05-20_2026-05-27,2026-05-27,10,A008,3632,trade_share,오늘 삼성전자 추가 매수했습니다!,"안녕하세요, 여러분! 오늘 삼성전자 주식 1주 추가 매수했어요. 글로벌 반도체 호황과 나스닥 상승 덕분에 상승 모멘텀이 강하다고 판단했습니다. 현재 주가가 5일선 및 20일선 위에 있어서 중장기 상승 추세를 유지하고 있는 것 같아요. 고위험 성향으로 인해 더 많은 수익을 기대하고 있습니다. 다들 어떻게들 생각하시나요?"
chunk_012_2026-05-20_2026-05-27,2026-05-27,10,A006,3633,trade_share,오늘 삼성전자 50주 매수했습니다,"오늘 삼성전자 주식 50주를 매수했습니다. 공시가는 307,000원이었고, 평균 매수 단가보다 낮은 가격에 매수할 수 있어 기쁘네요. 최근 나스닥 상승과 업황 호조로 긍정적인 전망이 있지만, 오늘 장중 4.5% 급락으로 인해 변동성이 걱정되네요. 앞으로 어떻게 될지 궁금합니다. 다른 분들은 어떻게 생각하시나요?"
chunk_012_2026-05-20_2026-05-27,2026-05-27,10,A011,3634,trade_share,오늘 삼성전자 추가 매수했습니다!,"안녕하세요, 오늘 삼성전자 20주 추가 매수했습니다. 나스닥이 사상 최고치를 기록하고 메모리 업황이 좋아지는 상황에서 단기 조정을 매수 기회로 활용했습니다. 경쟁사 대비 삼성전자의 압도적인 재무적 우위가 저평가 논리를 더욱 강화해주네요. 앞으로의 상승세가 기대됩니다!"
chunk_012_2026-05-20_2026-05-27,2026-05-27,10,A014,3635,trade_share,오늘 삼성전자 매수했습니다!,"안녕하세요, 여러분! 오늘 삼성전자 100주를 매수했습니다. 나스닥 호재와 MA5 상향 돌파를 보고 하락 추세가 일시적일 것이라고 판단했어요. 재무 안정성을 믿고 손실 회복을 위해 이 시점에서 매수하는 게 좋겠더라고요. 여러분은 어떻게 생각하시나요? 같은 시기에 매수하신 분 계신가요?"
chunk_012_2026-05-20_2026-05-27,2026-05-27,10,A015,3636,trade_share,[매수] 삼성전자 20주 추가 매수,"오늘 삼성전자 20주를 307,000원에 매수했습니다. 노조 합의 가결과 업황 회복으로 중장기 상승 흐름이 기대되네요. 다만 종가 하락으로 단기 밸류에이션 부담이 있어, 추가 매수 관점에서 조정 시 더 많은 기회를 노려봐야 할 것 같습니다. 여러분은 어떻게 생각하시나요?"
chunk_012_2026-05-20_2026-05-27,2026-05-27,10,A012,3637,trade_share,오늘 삼성전자 50주 매수했습니다!,"안녕하세요! 오늘 삼성전자 50주 매수했습니다. 307,000원이 공시가였고, 나스닥 상승과 삼성의 재무 점수 1위를 보고 안정성에 확신이 들어 조정 시 매수 기회를 잡았어요. MA5 지지선도 확인했으니 앞으로의 흐름이 기대됩니다. 여러분은 어떻게 생각하시나요?"
chunk_012_2026-05-20_2026-05-27,2026-05-27,10,A019,3638,trade_share,오늘 삼성전자 추가 매수했습니다!,"안녕하세요, 여러분! 오늘 삼성전자를 100주 추가 매수했습니다. 글로벌 메모리 시장이 호황이라 저평가 구간이라고 판단했어요. 지금은 손실 상태지만, 가치 투자 원칙에 따라 추가 매수를 결정했습니다. 앞으로의 흐름이 기대되네요. 여러분은 어떻게 생각하시나요?"
chunk_012_2026-05-20_2026-05-27,2026-05-27,10,A013,3639,trade_share,오늘 삼성전자 일부 매도했습니다!,"안녕하세요, 여러분! 오늘 삼성전자를 48주 매도했습니다. 32만 원 저항선을 돌파하지 못한 상황이라 단기 조정 가능성이 있어 수익을 일부 확정하는 쪽으로 결정했어요. 기술적 지표는 여전히 강세지만, 종가 하락으로 리스크 관리가 필요하다는 판단이었답니다. 여러분은 어떻게 생각하시나요? 추가 매수 기회를 노릴까요?"
chunk_012_2026-05-20_2026-05-27,2026-05-27,10,A017,3640,trade_share,오늘 삼성전자 50주 매수했습니다!,"안녕하세요, 오늘 삼성전자 주식 50주를 매수했습니다! 나스닥 상승과 기술적 지표 회복 덕분에 단기 상승 모멘텀이 느껴져서요. MA5를 상회하며 추세 반등 신호가 명확하다고 판단했습니다. 평균 단가는 310,250원이 되었는데, 앞으로의 시장 흐름이 기대되네요! 다른 투자자분들은 어떻게 생각하시나요?"
chunk_012_2026-05-20_2026-05-27,2026-05-27,10,A022,3641,analysis,"삼성전자, 재무적 우위와 단기 관망의 필요성","오늘 삼성전자의 재무 점수 1위 소식이 정말 반가웠습니다. 글로벌 메모리 호황에 힘입어 장기적으로 긍정적인 전망을 보이고 있지만, 최근 국내 유동성 축소 우려로 인해 단기 상승폭은 제한적일 것으로 생각됩니다. 저는 307,000원에서 30주를 매수했는데, 이 가격대가 지지선으로 작용할 수 있을 것이라 보고 있습니다. 여러분은 어떻게 생각하시나요? 삼성전자의 앞으로의 흐름에 대해 의견 듣고 싶습니다."
chunk_012_2026-05-20_2026-05-27,2026-05-27,10,A027,3642,trade_share,오늘 삼성전자 일부 매도했습니다.,"안녕하세요, 오늘 삼성전자를 20주 매도했습니다. 당일 시가 대비 종가가 하락하면서 단기 매도 압력이 느껴져서 신중하게 리스크 관리를 해보았습니다. 종가가 307,000원이었고, 일부 수익을 실현할 수 있어서 다행입니다. 앞으로의 시장 흐름이 어떻게 될지 궁금하네요. 다른 투자자분들은 어떻게 생각하시나요?"
chunk_012_2026-05-20_2026-05-27,2026-05-27,10,A025,3643,trade_share,오늘 삼성전자 매수했습니다!,"안녕하세요, 여러분! 오늘 삼성전자를 100주 매수했습니다. 기술적 지표가 긍정적이고 글로벌 메모리 시장이 호조를 보이고 있어서요. 다만, 유동성 축소 우려가 있으니 변동성에는 주의해야 할 것 같아요. 여러분은 어떻게 생각하시나요?"
chunk_012_2026-05-20_2026-05-27,2026-05-27,10,A020,3644,trade_share,오늘 삼성전자 매수했습니다!,"안녕하세요, 여러분! 오늘 삼성전자를 28주 매수했습니다. 노조 합의가 가결되면서 리스크가 해소되었고, SK 하이닉스의 시총 1조 달러 진입으로 섹터 전체의 밸류에이션이 재평가될 것 같아서 매수 결정했습니다. 현재 30만 원 지지선이 탄탄하게 지켜지고 있는 것 같아 추가 상승 모멘텀을 기대해봅니다. 여러분은 어떻게 생각하시나요?"
chunk_012_2026-05-20_2026-05-27,2026-05-27,10,A026,3645,trade_share,삼성전자 소량 매수! 장기적 우위 기대,오늘 삼성전자 100주를 매수했습니다. 재무 점수 1위를 기록한 만큼 장기적인 성장 가능성을 보고 진입했어요. 하지만 단기 과열과 거시 리스크를 감안해 소량으로 시작했습니다. 울산 지역의 반도체 산업 성장도 긍정적이네요. 여러분은 어떻게 생각하시나요?
